

south sliding targets 

    example: 

    U64 soutMaskEx(int sq) {
        return C64(0x0080808080808080) >> (sq ^ 63);
    }


 board layout 	
56	57	58	59	60	61	62	63
48	49	50	51	52	53	54	55
40	41	42	43	44	45	46	47
32	33	34	35	36	37	38	39
24	25	26	27	28	29	30	31
16	17	18	19	20	21	22	23
08	09	10	11	12	13	14	15
00	01	02	03	04	05	06	07
  
    use 0x0080808080808080:
        00000000
        00000001
        00000001    
        00000001
        00000001
        00000001
        00000001
        00000001

   take sq = 35 -> sq ^ 63: 
    00000000
    00000000
    00000000
    00000000
    00000000
    00000000
    00000000
    00011100

    
    



